,0,1,2,3,4,5,6,7,8,9,10,11,12,13,14,15,16,17,18,19,20,21,22,23,24,25,26,27,28,29,30,31,32,33,34,35,36,37,38,39,40,41,42,43,44,45,46,47,48,49,50,51,52,53,54,55,56,57,58,59,60,61,62,63,64,65,66,67,68,69,70,71,72,73,74,75,76,77,78,79,80,81,82,83,84,85,86,87,88,89,90,91,92,93,94,95,96,97,98,99,100,101,102,103,104,105,106,107,108,109,110,111,112,113,114,115,116,117,118,119,120,121,122,123,124,125,126,127,128,129,130,131,132,133,134,135,136,137,138,139,140,141,142,143,144,145,146,147,148,149,150,151,152,153,154,155,156,157,158,159,160,161,162,163,164,165,166,167,168,169,170,171,172,173,174,175,176,177,178,179,180,181,182,183,184,185,186,187,188,189,190,191,192,193,194,195,196,197,198,199,200,201,202,203,204,205,206,207,208,209,210,211,212,213,214,215,216,217,218,219,220,221,222,223
0,0.0,20.144188,16.887503,21.747332,22.454832,18.796062,19.202227,19.244356,16.92188,12.543725,25.469183,13.00443,13.2586565,19.891182,19.189245,11.928436,21.93592,9.88146,23.125244,23.759386,21.505018,21.25316,20.756197,17.932573,16.40805,19.921373,14.473217,10.071281,18.421314,22.12183,19.872572,20.188427,20.297176,18.703955,17.18816,17.233755,22.17236,18.57064,14.619857,14.499365,21.812893,18.775543,21.431318,20.001673,12.682203,18.572283,15.472992,18.477318,18.34404,13.973503,11.990371,13.130202,21.968122,22.194357,12.927535,12.937384,14.844569,12.924578,17.235874,15.051794,16.550863,16.241827,17.660494,17.966917,14.295924,16.690245,17.370483,14.120293,13.90499,16.258972,16.653532,17.264524,18.32215,20.544308,20.228176,15.080274,15.927314,15.746885,15.19133,17.753698,15.169848,21.052523,16.754375,13.671874,16.4594,16.731022,17.02493,14.867803,17.776062,17.330748,14.33957,15.093401,15.482842,15.890991,16.873072,16.991314,17.32432,20.614145,20.055342,15.331827,16.148518,17.02602,15.806707,15.806918,15.419848,15.825634,18.660732,16.99067,17.064358,17.763794,18.334158,18.198753,15.339755,18.043125,18.409956,15.823448,15.863096,16.088984,15.806023,15.006853,13.821111,14.809463,15.212212,14.430915,15.557137,15.154843,15.240805,16.043308,15.876098,14.71265,15.023383,16.456335,15.844499,15.38268,18.78804,18.208248,17.893244,19.46569,18.475374,17.595827,17.734547,17.5997,14.740326,16.716282,16.250196,17.831078,17.16218,16.48574,18.696457,16.940557,16.925444,16.891369,16.658298,18.515327,18.369345,18.458693,17.725237,18.021248,19.400703,19.476418,19.33719,18.933784,19.52306,19.354284,19.119858,20.266027,19.87419,20.525206,19.615217,19.75282,20.008121,19.346525,18.799501,15.7526865,15.950042,16.465637,15.970319,16.57754,16.284014,17.033052,17.777374,17.061825,16.958588,18.237663,17.96294,17.043255,16.988161,17.760786,17.277807,16.140194,19.719742,17.590271,16.708302,16.883446,17.15643,16.719204,15.889199,19.520037,18.914108,16.042543,16.307833,18.090256,18.218292,18.264107,17.902763,17.968199,17.570396,18.985645,19.301218,19.4285,17.057344,17.832632,18.197098,18.432308,18.26909,17.811485,17.465744,18.23179,18.559658,20.030828,18.996845,19.218658,19.178825,18.677582
1,20.144188,0.0,4.149683,8.91037,9.188747,9.163948,6.9749165,6.9868073,22.208954,18.04495,17.2385,14.854147,15.058391,17.50668,18.951283,14.383408,19.04922,11.832932,13.332677,11.844749,10.831494,8.380069,8.685574,11.257058,16.741308,8.453283,13.455804,11.177175,10.991063,13.581892,12.844825,8.848765,8.364507,13.576951,11.710153,13.411811,15.855219,15.45559,12.752281,13.466894,12.62983,16.422026,17.904272,16.433067,11.399113,13.505271,7.615298,16.126373,16.313774,11.523106,12.02107,11.549239,13.430961,13.468689,10.328522,10.569234,8.081827,9.297231,8.667103,9.423485,9.788214,10.16278,6.9840546,7.3193064,9.551224,6.9950347,7.009282,12.723166,14.048092,7.6736155,7.689842,9.156631,12.880705,12.72425,15.115171,6.4914317,15.548658,11.835255,8.101663,8.552556,6.7491446,13.624937,6.778969,8.883201,8.812434,8.479288,10.194821,6.9550996,9.20249,8.460149,8.097994,10.71431,14.784996,14.183759,10.195384,9.505673,9.475637,12.731185,12.529437,14.486978,14.121009,7.464904,13.789202,13.421634,13.785306,13.59316,14.474413,6.873782,7.1013412,7.0359235,9.259475,9.87285,7.7536488,7.1183314,7.1914406,13.598875,13.827213,9.42236,8.835036,13.553118,11.651649,13.129297,12.824164,13.643287,7.987346,8.044693,8.3186,15.525566,8.308049,13.055715,12.78548,8.504503,9.103745,8.977321,14.005644,14.194469,13.155585,9.792215,11.288377,11.657706,12.39993,12.107717,12.20623,13.23554,12.96285,11.94196,12.127236,11.229188,11.307948,11.804867,11.4053755,12.530952,12.546163,11.726671,9.370615,10.107997,9.551047,9.890853,12.446793,12.69991,13.284265,13.9028,13.652601,13.435957,13.810093,13.909111,13.70376,13.730006,13.406319,13.928227,13.75928,13.330804,13.492036,12.911803,12.5193815,12.519987,13.768452,13.938985,14.020083,14.394494,13.7949095,10.89766,13.602573,13.313752,15.383312,11.520143,15.1826515,14.739674,12.9093275,11.087433,11.00856,14.883362,12.13627,11.483521,14.561839,14.735269,12.01668,10.716706,11.154554,11.851888,12.445309,10.092942,10.889257,13.060956,12.922919,11.724724,13.492314,13.155986,11.80522,11.98496,11.644445,12.926436,13.173838,13.365414,12.739621,12.394318,12.104048,12.2732525,12.325278,12.904813,12.557413,12.65194,12.655948,12.426749
2,16.887503,4.149683,0.0,10.972033,12.065923,10.853102,9.07467,9.090466,21.530838,16.878992,19.09805,13.816587,14.097074,17.608723,18.886908,13.474844,20.35031,9.806091,15.583165,14.381522,12.7564335,10.137548,10.278834,12.349976,16.986036,8.891,13.400367,9.201532,11.61142,15.1185,14.437777,9.188575,8.984156,14.018687,11.860952,13.325256,17.587498,16.3936,12.055578,12.648158,14.446087,17.302393,19.115894,17.444956,10.676341,14.207864,6.8018885,16.965311,17.096872,11.007328,10.847146,10.808734,15.487394,15.585908,9.512954,9.768294,8.005616,8.283664,8.648216,9.579133,9.458773,9.762112,8.092112,8.429606,9.332788,7.741364,8.160062,12.481997,13.710981,8.00319,8.121094,9.31536,14.024512,14.348101,16.233059,6.0834174,15.605204,11.849961,8.06218,9.265718,6.587594,15.338531,7.0404673,8.27758,8.644365,8.423824,11.004537,6.630499,9.761623,8.860414,7.665842,10.919006,14.715257,14.276759,10.661233,10.241448,10.317417,14.560109,14.223541,14.220239,14.076229,7.807554,13.693933,13.327858,13.480945,13.440178,15.359605,6.9032307,7.2878613,7.614495,10.382006,10.884104,7.9053216,7.9114323,8.131723,13.8501625,13.84782,9.817949,9.152768,13.332178,11.271024,12.830885,12.696324,13.297201,8.19164,8.067552,8.452918,15.690608,8.718327,12.807041,12.66055,9.229718,9.545182,9.170771,15.055773,14.8636675,13.859355,11.420322,12.654697,12.699726,13.418413,13.112955,12.107044,13.610313,13.269558,12.686249,12.618427,11.927136,12.67671,12.377176,11.983474,12.90106,12.823393,12.748208,10.793642,11.528669,10.725625,11.135991,13.958996,14.193894,14.674,15.101045,15.066655,14.823021,15.082944,15.489319,15.20187,15.34442,14.800611,15.142004,15.106872,14.509656,14.497147,13.0960045,12.864216,13.021401,14.102128,14.432343,14.438477,14.895185,14.590601,11.807439,14.115467,14.145447,16.099373,12.31928,15.6059065,15.44008,13.629256,11.657396,12.665958,15.55101,12.830034,12.269696,15.10889,15.171146,12.445648,12.218299,12.455815,12.350721,13.00325,11.2532625,11.992637,14.076815,13.735667,12.662834,14.330338,14.180563,13.209862,13.429997,12.39519,13.896762,14.2287035,14.452882,13.833159,13.355837,12.965362,13.3201885,13.428989,14.239091,13.805889,13.905744,13.759459,13.481177
3,21.747332,8.91037,10.972033,0.0,5.6749544,9.003369,7.9852843,8.340973,24.061817,20.110897,19.96693,17.871479,17.985575,21.694195,22.302698,12.397409,16.0277,11.959227,14.352355,14.2867565,14.234919,14.330411,14.330453,7.394396,14.317491,15.957017,12.082834,13.143675,15.517045,17.100216,9.208806,16.522144,15.889195,17.599232,16.045708,17.83467,15.148392,13.191932,16.74502,17.552965,15.160661,13.470274,17.554222,16.799501,12.1596575,16.264425,13.415885,13.496371,13.558607,14.210282,14.577307,13.866434,12.870147,12.807651,12.282932,12.586491,8.848788,11.714836,14.646639,9.917699,15.455455,15.598721,10.789121,11.574854,10.94699,9.973915,9.526077,13.591455,14.637434,11.529568,11.9377,14.5861225,11.4864025,13.917537,16.642813,10.095611,16.329124,14.748772,11.033238,13.22056,8.370128,13.907461,12.02387,10.438572,14.254963,14.049473,11.809913,9.469921,14.079157,13.576124,10.530313,10.470198,16.210129,15.634153,13.591605,12.092047,12.21594,11.308332,11.182951,16.984066,16.811316,12.699749,16.426254,16.229248,16.878923,16.618555,15.323238,12.970505,12.896908,12.839535,12.729951,13.175607,9.468802,12.703232,12.835282,13.978351,15.9096775,11.963361,11.308358,15.769998,13.158764,15.628743,15.183649,15.597231,10.511256,10.369027,10.082637,15.570516,10.404729,15.156276,14.817366,9.976712,10.559414,10.944097,14.180424,16.01342,15.059397,12.149716,9.640306,10.311681,10.113905,10.198191,13.722749,15.0049095,14.452743,14.452405,14.755172,10.336465,11.528047,13.742837,13.559984,15.10656,15.22799,14.033468,10.672084,10.638313,10.732076,11.047934,11.128955,11.611808,11.879168,12.53567,11.209245,11.571926,12.050236,12.00255,11.864319,13.228891,13.134864,15.136027,14.640134,14.621454,14.760117,14.251538,13.243798,13.244603,13.415307,13.518254,13.344773,14.852664,13.9953,10.412163,14.5511265,14.874942,14.87266,11.967896,15.436587,14.719256,13.470563,10.857919,12.147936,14.496727,11.661081,11.380242,14.68741,14.578203,11.82453,12.998895,12.974477,11.4368305,11.607971,12.028877,12.781585,13.318571,14.278431,13.431289,12.698919,15.013469,12.96343,12.870303,12.559621,12.21002,12.331438,12.76439,12.491633,12.653089,12.689031,13.145782,13.518324,14.952081,13.311895,13.83441,14.847207,14.175943
4,22.454832,9.188747,12.065923,5.6749544,0.0,5.0542827,4.5938497,4.857114,20.629007,17.506054,14.675515,15.22841,15.248442,17.601658,18.244856,12.058775,12.034058,12.785899,8.952724,9.109192,9.591235,10.843665,10.7410965,5.658848,11.740222,13.504567,10.012638,12.750583,11.815238,12.318446,5.675125,14.121392,13.389434,13.606124,12.574165,14.30954,10.071783,9.609012,13.887895,14.7040825,10.200732,10.2182665,12.806982,12.210596,10.559989,12.047128,11.642123,10.167848,10.362354,11.605543,12.674362,11.619472,7.616431,7.5077,10.595,10.779951,7.8130455,10.4294405,12.024548,7.9226694,12.780753,12.891468,7.907447,8.511214,8.999562,7.5822496,6.8195176,10.921654,11.937772,9.018796,9.278238,11.676703,7.616797,9.02552,11.926391,8.957424,12.830023,11.460963,8.922732,10.028512,7.88346,8.878546,9.777024,9.228896,11.671811,11.472851,8.259354,8.475898,10.833288,10.656567,9.052885,8.213041,12.800629,12.111636,10.17831,8.687557,8.695669,6.4960074,6.5574136,13.62548,13.238567,10.136792,12.959538,12.792739,13.5714,13.191476,10.976319,10.83401,10.57099,10.278526,8.98677,9.358637,7.790072,9.963097,9.984401,10.636493,12.398598,8.957003,8.619882,12.546997,10.702154,12.507538,11.951324,12.562138,8.313183,8.424253,8.085662,12.156046,7.9483356,12.073073,11.654604,7.2344456,7.9084125,8.489525,9.824378,11.799988,10.9451885,7.8158283,5.889873,6.8768945,6.969595,6.9607353,10.774297,11.246509,10.869152,10.4511795,10.959166,7.407139,7.239042,10.003629,9.870252,11.365163,11.56709,9.81805,6.726127,6.557632,7.0381994,7.153883,6.7647343,7.168585,7.583916,8.410271,7.2148075,7.41508,7.9700274,7.5264835,7.5023923,8.385008,8.537788,10.474632,9.895984,10.06066,10.355017,10.856402,9.886042,9.684597,10.181591,10.052757,10.067527,11.041888,9.969293,7.082281,10.729439,10.642102,10.932545,8.319669,11.671062,10.737489,9.599599,7.8893814,7.504724,10.642762,8.29816,7.9226475,10.883028,10.978263,8.778533,8.5523405,8.624446,8.420566,8.520705,8.073264,8.684246,9.122605,10.151482,9.343148,8.953364,10.586117,8.420806,8.274945,8.831536,8.352969,8.349919,8.635119,8.366454,8.643538,8.792674,8.9391985,9.196735,10.276235,8.8458,9.3037195,10.405239,9.8370905
5,18.796062,9.163948,10.853102,9.003369,5.0542827,0.0,2.2569885,2.2930646,15.764909,12.542057,11.6615,10.20802,10.213919,12.97944,13.462793,9.064603,9.909001,9.950268,6.369814,6.9862514,6.2978916,8.163082,7.7378983,4.587324,8.476162,10.600649,6.1954513,8.927534,7.463955,8.680948,4.53546,11.253972,10.60528,9.024219,7.916382,9.574157,7.161265,6.4933777,8.976316,9.777388,6.7077813,7.5795565,9.256438,8.125147,6.24167,7.363933,7.8982553,7.264277,7.5173464,6.667487,7.9460797,6.7925363,5.0053253,5.089035,6.1465535,6.238031,4.577878,6.316732,8.151593,3.7549798,8.579349,8.556235,4.155201,4.73651,4.603349,3.74854,3.054358,6.0930343,7.181356,4.854201,5.172232,7.572947,3.8541439,5.101397,7.6794353,5.6678195,8.044954,6.4598646,4.6616883,5.9346995,5.286548,5.3452353,6.1572876,5.3774996,7.5536723,7.471588,3.228556,5.239979,6.6677537,6.6111135,5.128672,3.954156,7.8509684,7.1525545,5.4147367,3.8549182,3.9357932,3.7213202,3.420819,8.58429,8.233226,6.3197775,7.9313717,7.768987,8.545903,8.179912,6.465518,7.3747845,6.9831977,6.8082776,4.645026,4.8532305,4.0379214,6.483189,6.5821447,5.862166,7.377851,4.1175294,3.9571278,7.496405,5.853527,7.4549603,6.897478,7.53169,4.0772305,4.2972894,3.9214156,7.5843987,3.526923,7.0275493,6.6057,2.6903956,3.2272732,3.8838427,5.493118,7.0634055,6.128216,3.6510155,2.380786,2.9386353,3.8708794,3.5132482,5.7802553,6.2787457,5.8738384,5.6281343,6.038533,3.1855507,2.6362631,5.006913,4.877511,6.408839,6.5943017,5.136789,1.8987199,1.6479819,2.0326378,2.1836672,3.2839088,3.566099,4.1319933,4.8083673,4.605816,4.2939057,4.6821246,4.7639246,4.5441427,4.9080276,4.592626,6.182947,5.7541623,5.6383796,5.784888,5.858036,4.9715686,4.775705,5.6808534,5.6060143,5.7308226,6.359636,5.414026,2.5111797,5.887886,5.9114246,6.7417097,3.4095418,7.0824304,6.3054886,4.8147945,3.2950962,3.281281,6.3286166,3.7740707,3.1826167,6.3181925,6.480109,4.160166,4.2781544,4.0414987,3.9027746,4.224046,3.255339,3.887225,4.5865393,5.3541427,4.4944134,4.7381434,6.013783,3.985923,3.9210377,3.8596983,4.092849,4.239611,4.4700766,3.9627068,3.9535556,3.9506793,4.2131124,4.5289173,6.0314364,4.370093,4.8487773,5.888246,5.1824036
6,19.202227,6.9749165,9.07467,7.9852843,4.5938497,2.2569885,0.0,0.3828299,17.367037,13.8724985,12.508786,11.178349,11.242012,13.807916,14.636424,10.226335,12.11737,10.123379,7.439813,7.2020392,6.459926,7.1781464,6.9327602,5.70995,10.554114,9.432609,7.904629,9.153287,7.6361947,9.246287,6.309202,10.0769005,9.396645,9.684033,8.298945,10.100463,9.099477,8.728274,9.548011,10.373231,7.477659,9.768238,11.29204,10.065167,7.1909018,8.4914875,7.1079173,9.471773,9.707587,7.482564,8.644431,7.6152472,6.715546,6.7635283,6.706251,6.862958,4.4956613,6.453539,7.5177426,4.5286202,8.233821,8.341475,3.3343093,4.011387,5.2202225,3.0725813,2.2800398,7.563972,8.795044,4.4430146,4.6889253,7.1784887,6.1023197,6.5555143,9.243596,4.8117976,9.851803,7.373099,4.557733,5.580448,4.534296,7.0855665,5.2327,5.537897,7.102944,6.916677,4.4576173,4.6001306,6.4188457,6.145731,4.991704,5.295705,9.45267,8.7503,5.904239,4.4794974,4.4875507,5.766252,5.559056,9.839211,9.433631,5.5824385,9.119911,8.872958,9.55945,9.218833,8.298323,6.355758,6.0601306,5.8310237,4.797786,5.251818,3.8708315,5.536929,5.6206355,7.7089677,8.759728,4.696398,4.314209,8.770998,6.9852996,8.592219,8.081919,8.851657,4.0034413,4.2413063,4.0732284,9.544977,3.712588,8.280285,7.8814697,3.1680746,3.9523368,4.3692174,7.50502,8.584615,7.5735483,4.2360296,4.5207095,5.065501,5.900354,5.5803103,7.12332,7.7686505,7.4240103,6.7347045,7.1268005,5.040354,4.633275,6.335467,6.072824,7.554675,7.697603,6.2712593,3.0568051,3.4737372,3.3434377,3.6110084,5.507754,5.775214,6.37195,7.060487,6.782896,6.5276804,6.9334626,6.9423914,6.7535043,6.9217424,6.6598763,7.824256,7.4692254,7.251964,7.4491067,7.4184556,6.6991944,6.555467,7.665563,7.6657724,7.787585,8.286505,7.4259057,4.488158,7.6681485,7.4842696,8.883495,5.274099,9.055752,8.36238,6.7086034,5.050626,4.6758294,8.445419,5.802445,5.151515,8.325577,8.516486,6.0030894,5.1431985,5.2764964,5.7714233,6.217015,4.3095617,5.108967,6.5874286,6.9912505,5.9120817,6.9181952,7.433411,5.54615,5.5919466,5.5768065,6.285487,6.458359,6.6580667,6.0948534,5.9503837,5.8282065,5.9989862,6.1786823,7.2655015,6.1684585,6.472848,7.12348,6.608841
7,19.244356,6.9868073,9.090466,8.340973,4.857114,2.2930646,0.3828299,0.0,17.187616,13.734014,12.189823,10.99829,11.0594225,13.486463,14.354688,10.395975,12.155208,10.270963,7.200241,6.893267,6.0974755,6.814459,6.5604362,6.004752,10.639654,9.116914,7.9986115,9.181236,7.290086,8.894511,6.5048246,9.762401,9.078648,9.356326,7.9857903,9.790801,8.981102,8.781421,9.306632,10.130361,7.1555166,9.85939,11.156677,9.89924,7.214443,8.204643,6.8944893,9.546638,9.791802,7.323553,8.544942,7.505169,6.599215,6.653531,6.668181,6.810096,4.6295366,6.4301333,7.212508,4.5944123,7.935878,8.04909,3.0522132,3.6905134,5.21312,2.932833,2.1274142,7.5010047,8.736757,4.2247887,4.431113,6.8616657,6.1303015,6.3173075,9.000964,4.780279,9.726941,7.1428614,4.4468455,5.2499876,4.6706643,6.909254,4.9882298,5.580817,6.8171554,6.6264796,4.2796116,4.6414676,6.084341,5.831713,4.974943,5.3676763,9.29919,8.588369,5.622639,4.236133,4.2189984,5.755686,5.555164,9.632646,9.200843,5.299957,8.896789,8.642338,9.3259115,8.97873,8.118567,6.0974393,5.7886143,5.5331354,4.459759,4.926798,3.9071336,5.224091,5.295384,7.6270576,8.562796,4.504454,4.164492,8.587888,6.90611,8.401485,7.8895874,8.696534,3.9150763,4.1942897,4.062372,9.467162,3.6265628,8.1140175,7.7130246,3.1091776,3.8915064,4.284798,7.3717685,8.353374,7.340117,3.9132385,4.6267867,5.1439447,6.0378737,5.696819,7.003523,7.5703216,7.2559433,6.465321,6.8696146,5.117547,4.5192766,6.1232243,5.8483434,7.3077574,7.451592,5.994308,2.8562245,3.3550215,3.189769,3.4381864,5.51593,5.753259,6.371864,7.0543714,6.8652315,6.5664124,6.959975,6.9604754,6.7756486,6.8152266,6.5506425,7.601418,7.263488,7.028056,7.2372165,7.2740717,6.6003866,6.4422407,7.6365275,7.6264653,7.7743754,8.165651,7.311909,4.5190706,7.51723,7.264403,8.811383,5.1841173,8.946996,8.260582,6.583416,5.07344,4.447232,8.373747,5.799053,5.123899,8.225694,8.445414,5.9981546,4.8361626,5.014759,5.7886395,6.2501097,4.059422,4.860098,6.462734,6.7914143,5.6855035,6.8952947,7.1806006,5.327209,5.392622,5.44053,6.259352,6.431392,6.601409,6.0178466,5.8424306,5.7035885,5.828012,5.974686,6.9836535,5.988674,6.256256,6.8458014,6.364618
8,16.92188,22.208954,21.530838,24.061817,20.629007,15.764909,17.367037,17.187616,0.0,5.2056136,13.900526,7.7492495,7.4478917,8.547633,6.0444026,14.473589,13.783392,16.418692,14.826243,16.355402,14.751525,17.01015,16.242481,17.268084,12.002747,17.571947,12.575541,14.050312,12.500316,13.060022,16.54516,17.87805,17.83979,10.367071,11.280704,10.045086,12.960701,12.749191,9.815327,9.321615,13.575853,13.349003,10.360959,9.598943,12.588753,10.052258,15.220033,12.897153,12.970221,10.8065,10.9720545,11.094912,14.592404,14.844589,12.8074875,12.463848,15.922861,13.917494,14.637137,14.369802,13.518429,13.013168,15.538873,15.2906,13.643413,15.549422,15.845739,10.555795,9.523001,14.568573,14.582629,13.890066,13.381809,12.806977,10.161289,16.175045,7.853701,10.463906,14.347532,14.18701,17.064037,12.994961,15.548103,14.6576,13.990822,14.354403,12.912089,16.161802,13.73883,14.257422,14.813862,13.64045,7.9599924,8.637707,12.299154,13.167559,13.261215,14.792506,14.509196,7.7715535,8.295617,15.013991,8.546894,8.905335,8.508759,8.751997,10.008741,15.878848,15.543941,15.750742,13.771112,13.158924,15.401249,15.690924,15.806285,10.152566,8.656007,13.0634775,13.684162,8.766205,11.247093,9.118569,9.493395,8.773363,14.610685,14.695838,14.679538,8.781236,14.447254,9.318621,9.64162,14.626631,13.935884,13.772145,11.087306,9.395739,10.20366,14.207239,14.976482,14.086353,14.571405,14.328775,10.536771,9.65771,9.952661,11.154686,10.637565,13.788084,13.457041,11.102792,11.405972,10.142666,10.023792,11.798947,14.434664,14.239302,14.047817,13.850521,14.160428,13.781559,13.552372,12.827578,14.51947,13.935801,13.431289,14.155024,13.996058,13.100393,12.530139,11.051289,11.608981,11.262196,10.748536,9.997672,10.912469,11.019031,10.8326235,10.862211,11.0515585,9.6153755,10.72849,13.792328,9.919305,10.407696,10.19561,12.385683,9.077697,10.088097,11.03261,13.225114,13.780227,10.31047,12.561802,12.850034,9.848988,9.880877,12.267391,13.4118595,12.772274,12.667885,12.61137,13.281088,12.593839,11.587169,10.723997,11.739166,11.947856,10.895271,12.740684,12.820575,11.912129,12.438435,12.505682,12.201832,12.329244,11.991756,11.859984,11.837802,11.762871,11.844511,12.091537,11.875733,11.384962,11.440609
9,12.543725,18.04495,16.878992,20.110897,17.506054,12.542057,13.8724985,13.734014,5.2056136,0.0,14.284652,3.4615035,3.2939441,8.707332,7.194731,10.245652,13.221318,11.408258,13.580815,14.78597,12.748434,14.300019,13.550323,13.7652235,9.653251,14.432033,8.926567,8.96181,9.904027,12.008961,13.833592,14.791664,14.746367,8.644964,8.480957,7.734888,12.2123,10.734083,6.19387,5.80684,12.1368265,11.439771,10.502365,9.093373,8.069372,8.273828,11.083457,10.936138,10.9839945,6.65684,6.199036,6.6479416,13.0164795,13.2852,8.223644,7.899555,11.547566,9.246256,11.150473,10.257031,10.050669,9.528751,11.8877325,11.788326,9.363114,11.616374,12.066424,6.657547,5.772559,10.660272,10.797058,10.528779,10.777772,11.084355,9.349674,11.751098,5.535321,7.0997233,10.169966,10.864698,12.597025,11.523356,11.6502285,10.122955,10.333469,10.715836,9.6098385,11.707449,10.548138,10.796808,10.381027,9.719875,5.152342,5.872738,9.029243,9.763316,9.958851,12.644018,12.217274,4.806061,5.7027082,11.29764,5.667634,5.9339213,5.4415154,5.846625,8.423592,12.036832,11.767549,12.141568,10.734771,10.221278,11.1636,12.169836,12.381691,7.1413946,5.795706,9.356778,9.786712,5.3836184,7.0721784,5.5563345,6.071626,5.101075,10.507272,10.479068,10.505888,6.437101,10.468706,5.692765,6.1182513,10.8144865,10.051361,9.7500925,9.243252,7.6886797,8.013351,11.515255,11.973431,10.988922,11.536183,11.252758,6.7903795,7.017165,7.0166025,8.607337,7.9086,10.334572,10.772742,8.1683445,8.378814,7.4165764,7.20954,9.391182,11.302047,11.228584,10.777814,10.734953,11.715636,11.464803,11.308438,10.674551,12.192956,11.642405,11.210332,12.174212,11.894664,11.424168,10.609274,9.601524,10.100634,9.506006,8.898886,6.824872,7.702378,8.006868,7.8684254,8.165382,8.237039,7.357411,8.504226,10.478024,7.426622,8.356301,8.450533,9.303133,7.0560026,8.146074,8.408824,9.699615,11.360943,8.2869835,9.427279,9.655194,7.6482387,7.523845,8.861985,10.971759,10.272093,9.258928,9.381797,10.292992,9.837767,9.291428,8.408314,9.119098,9.401856,9.047095,10.459588,10.590842,8.905779,9.824718,10.046131,9.907382,9.862257,9.360731,9.076911,9.374269,9.447927,10.180622,9.9143715,9.841636,9.44643,9.249323
10,25.469183,17.2385,19.09805,19.96693,14.675515,11.6615,12.508786,12.189823,13.900526,14.284652,0.0,12.607475,12.385048,7.8600373,8.923584,18.274496,13.11222,19.574125,5.8597336,6.038524,6.483245,9.607188,9.178843,15.602484,14.893127,12.3279295,14.565958,17.084763,8.256309,4.0834785,13.777843,12.63999,12.246596,7.159822,8.975834,8.916628,7.9097133,12.557148,11.176673,11.389085,5.0920753,13.796405,8.252529,7.773017,14.547858,6.9634566,13.380079,13.37977,13.743605,11.917866,13.839562,12.896039,8.294435,8.374635,14.007678,13.787736,15.017953,14.623429,11.363166,13.676572,11.245295,11.172268,11.5021715,10.903671,13.512636,12.564717,12.298339,12.441055,12.700908,11.946056,11.550507,10.587384,11.471831,6.853953,6.0071526,14.541928,10.764947,10.012194,12.876792,10.113612,15.637685,7.318434,12.341351,14.747124,11.443323,11.462836,10.37371,14.853259,9.783249,10.666727,14.109043,13.511039,10.561118,10.119306,9.652871,10.274338,9.964035,10.284287,10.492962,10.22468,9.348667,11.600221,9.685316,9.67272,10.063977,9.645901,8.104974,12.547958,12.116016,11.627753,9.170383,8.839794,13.895759,11.262844,11.023266,11.160186,9.793436,11.115182,11.863244,10.590047,12.59891,10.735948,10.426063,11.255123,12.837095,13.314251,13.35214,11.401503,12.498934,10.976395,10.753299,12.276416,12.301077,12.45438,8.841205,7.6620727,8.048052,8.573514,12.229294,12.283371,13.225932,12.876576,11.484891,9.20339,9.882406,8.181771,8.658601,12.758626,9.819335,9.32212,9.386316,8.803449,8.989619,7.825708,10.316034,10.408675,10.684626,10.247022,10.817085,10.378878,10.752359,10.862731,12.116395,11.379208,11.325602,10.879042,11.0103245,8.680003,8.969688,6.884042,7.1141686,7.282231,7.6978498,10.467883,10.921455,10.46496,11.840319,11.386148,11.954912,9.950895,9.643032,11.976888,9.577013,7.957251,10.408137,10.649256,10.265979,9.882711,9.82654,12.337641,8.460505,10.49737,11.70639,11.391262,10.217784,10.9398155,12.109695,7.830402,8.214772,12.2965355,12.390386,9.421063,8.812058,9.334869,8.52458,8.661286,11.098776,7.125842,8.151641,8.2551775,10.115316,10.903901,10.748606,10.219723,10.03877,9.890518,9.915742,8.954544,8.365248,6.2595005,8.402306,7.7476544,6.923814,7.7384553
11,13.00443,14.854147,13.816587,17.871479,15.22841,10.20802,11.178349,10.99829,7.7492495,3.4615035,12.607475,0.0,0.36839804,7.30846,6.839863,9.829835,13.341698,10.039481,11.56071,12.267033,9.984902,11.01352,10.288838,12.219038,9.882983,11.005073,8.082794,7.053569,6.775019,9.621191,12.491145,11.381355,11.320879,6.044696,5.3132477,4.8491206,11.173269,10.227819,2.7900257,2.5116146,9.784562,11.234668,10.221628,8.42142,6.2399535,6.0227723,7.6982474,10.676484,10.804478,3.7472088,3.65582,4.02678,11.340744,11.608938,5.7749896,5.4303284,9.145635,6.6414003,7.6984386,8.003632,6.6033096,6.0835123,8.780688,8.600967,6.932644,8.665117,9.187155,4.988578,4.792888,7.509776,7.5695853,7.1118526,9.4115095,9.061364,7.9066234,8.800428,5.04715,4.180839,7.2408786,7.5759726,9.994561,9.851586,8.322733,7.68023,6.888251,7.2746606,7.0814157,8.95686,7.2276506,7.422154,7.6453323,7.8363447,3.9889054,4.37037,5.9650006,6.910859,7.075434,11.033425,10.599526,2.71049,3.4480777,7.932924,3.2725656,3.3280406,2.6783392,3.1673877,7.0854096,8.619708,8.361739,8.746087,7.7175684,7.261893,8.521047,8.801324,9.016045,5.8579197,3.775042,6.4958625,6.940871,3.099642,4.848559,2.9222317,3.525705,3.0267808,7.665264,7.7062974,7.8644433,6.1068206,7.7158246,3.3390708,3.7657454,8.194828,7.4893537,7.0607815,7.9010324,5.9704084,5.9480023,8.807754,10.227573,9.353489,10.1881275,9.80106,4.617145,5.003947,5.044038,6.064353,5.3032146,8.602105,8.72753,5.7579007,5.824487,4.879392,4.604102,6.910093,8.758302,8.924315,8.283751,8.282038,10.130344,9.906598,9.959487,9.543469,11.027814,10.384727,10.0745535,10.952627,10.653524,9.955182,9.100268,7.914688,8.427266,7.6548705,7.120141,4.9099216,5.923474,6.206016,6.838606,7.152559,7.3356895,6.257122,7.1779165,8.56399,5.8671117,6.452854,7.8471093,7.3148985,6.3619742,7.222254,6.7349873,7.826004,9.050204,7.515208,7.8290358,7.800647,6.6929264,6.7614255,7.2223434,8.380578,7.8392425,7.616878,7.972827,7.6822877,7.3367496,7.6830015,6.4691477,6.7998953,8.201143,7.002256,8.294313,8.518494,6.812476,8.411493,8.695195,8.551316,8.272884,7.596039,7.1709137,7.4059772,7.398247,8.017054,8.015536,7.8537493,7.1910596,7.066159
12,13.2586565,15.058391,14.097074,17.985575,15.248442,10.213919,11.242012,11.0594225,7.4478917,3.2939441,12.385048,0.36839804,0.0,7.1074524,6.553758,9.912489,13.110458,10.277485,11.404651,12.170047,9.921274,11.077917,10.343596,12.240546,9.749043,11.163022,8.066835,7.327625,6.7774553,9.47944,12.428555,11.542457,11.471909,5.927534,5.3223886,4.805422,10.945797,10.070211,2.9108787,2.6276894,9.6494,11.07889,9.926399,8.139658,6.367158,5.8463926,7.934805,10.518676,10.650141,3.8598723,3.8885798,4.1771,11.186097,11.455497,5.9547997,5.6054053,9.299838,6.8591895,7.859729,8.100757,6.767157,6.245534,8.887567,8.699427,7.0598545,8.792056,9.289081,4.9737206,4.7153664,7.650161,7.7038517,7.239779,9.309888,8.909854,7.6586986,9.00803,4.7947993,4.166512,7.3961477,7.6652665,10.180412,9.675161,8.495621,7.859052,7.056263,7.4401245,7.076482,9.1498785,7.310392,7.5446296,7.8289466,7.8850923,3.7542663,4.16753,5.994998,6.94382,7.1014447,10.916341,10.490428,2.4692779,3.2392876,8.086249,3.0954297,3.190658,2.5430155,3.0280592,6.860572,8.810344,8.537004,8.897806,7.7379155,7.261102,8.666601,8.93601,9.140886,5.7288365,3.586572,6.5645814,7.0404816,2.9660413,4.9155626,2.8494384,3.4497852,2.9186585,7.801765,7.855176,7.9960585,5.8934627,7.825286,3.2678561,3.6968422,8.27354,7.568061,7.166452,7.7107835,5.746127,5.7789845,8.77527,10.185478,9.308727,10.137768,9.753526,4.599374,4.8436713,4.9142747,5.966008,5.2102814,8.592511,8.649844,5.678452,5.768637,4.767844,4.500261,6.8100905,8.754863,8.894783,8.287132,8.265666,10.028684,9.790405,9.831636,9.397584,10.914379,10.263699,9.9411335,10.810738,10.518774,9.786169,8.940095,7.7117968,8.235098,7.4758863,6.9340568,4.80094,5.8408036,6.1076984,6.7215986,7.0139217,7.2105236,6.0568438,7.0040364,8.544619,5.6942663,6.2745743,7.6314154,7.255304,6.1344185,7.0147142,6.6016207,7.8212843,8.967465,7.3175807,7.7670283,7.755064,6.495261,6.575248,7.184085,8.312824,7.756807,7.585436,7.9176626,7.656921,7.2752542,7.5352025,6.314532,6.703376,8.072272,6.829993,8.181959,8.399658,6.741274,8.298294,8.569959,8.409233,8.1495075,7.4839196,7.0728106,7.2844796,7.2681413,7.858261,7.8760905,7.705345,7.0436144,6.9287524
13,19.891182,17.50668,17.608723,21.694195,17.601658,12.97944,13.807916,13.486463,8.547633,8.707332,7.8600373,7.30846,7.1074524,0.0,2.6082056,16.284178,15.213915,16.776896,10.456837,10.641467,8.8708725,10.304026,9.662897,16.501057,14.354011,10.854226,13.414734,13.683289,6.6037927,6.503006,15.703493,11.033075,11.036575,4.153482,5.997151,4.3633046,11.23304,13.4193945,6.5236487,6.144726,8.203399,14.660085,10.088376,8.632602,12.252563,5.7094746,10.837683,14.099058,14.364753,8.861674,10.098978,9.805568,11.823866,12.053661,11.49364,11.170296,14.0578785,12.18727,9.095325,12.774261,8.170813,7.856305,11.287056,10.626168,11.95591,12.069864,12.316444,10.265271,10.216504,10.742705,10.374132,8.43669,12.477923,9.150379,7.004319,13.11476,8.545139,7.425356,11.424203,9.092215,14.707501,10.114957,11.003539,13.002126,9.000689,9.2547455,10.073366,13.586895,8.347393,9.111292,12.46933,12.684803,7.7949758,7.8199706,8.207386,9.650996,9.49358,12.825454,12.67175,6.3078156,5.811569,10.188866,6.248948,6.269483,5.8964295,5.8764915,8.249404,10.8688755,10.552804,10.489394,9.089227,8.572505,12.977814,10.392427,10.328813,9.863311,7.0045996,9.977955,10.748331,7.369827,10.241032,7.3680415,7.5415483,8.005473,11.74524,12.086018,12.307047,9.845795,11.668595,7.9855914,8.094844,11.931606,11.550808,11.297719,9.597887,6.705305,7.2572284,9.83349,13.460378,12.949453,14.004489,13.571461,9.329856,7.5702205,8.292443,7.3804474,7.1165514,12.751943,10.980752,8.321911,8.373978,6.888036,6.7918577,7.874966,11.135716,11.423097,11.093119,10.828775,12.563094,12.14402,12.381156,12.126375,13.850871,13.024331,12.765792,13.070847,12.965767,11.067182,10.655372,8.080529,8.769556,8.2262335,8.075327,8.711703,9.809271,9.666523,10.966529,10.850899,11.337195,9.103186,9.659945,12.248464,8.623224,7.684027,10.42289,10.575287,9.25139,9.715439,9.550767,12.002243,10.217693,10.345898,11.62161,11.400317,9.604188,10.150373,11.486759,9.053722,9.052501,11.856722,12.131153,9.750341,9.0985775,9.883027,8.26114,8.626465,11.410314,7.405084,9.47219,9.743136,9.834477,11.465491,11.54196,11.0894575,10.814197,10.245149,9.958987,9.410577,8.930913,7.608918,9.468981,8.816135,7.349467,8.069272
14,19.189245,18.951283,18.886908,22.302698,18.244856,13.462793,14.636424,14.354688,6.0444026,7.194731,8.923584,6.839863,6.553758,2.6082056,0.0,15.590635,14.132891,16.647568,11.151113,11.937758,10.284796,12.257724,11.55156,16.44681,13.222337,12.956174,12.807052,13.700845,8.120308,8.009941,15.542048,13.193694,13.162528,5.571534,7.2500973,5.6824994,10.937005,12.654078,7.063,6.6116943,9.272593,13.751229,9.154566,7.885592,12.08068,6.2435746,12.101604,13.206817,13.4335375,9.032381,10.056504,9.832887,12.020327,12.263533,11.636027,11.287746,14.440516,12.525932,10.702761,12.978489,9.686004,9.281293,12.366552,11.835726,12.192678,12.913236,13.154548,9.880197,9.496377,11.690918,11.448291,9.955876,12.220306,9.58964,6.951933,13.923849,7.5199437,7.8095856,12.084473,10.429103,15.297469,10.266798,12.261693,13.311204,10.386157,10.687208,10.4939375,14.228609,9.783339,10.509019,12.992024,12.639172,7.0257263,7.270479,9.062691,10.340095,10.260546,12.86314,12.681262,5.8734837,5.6755667,11.51602,6.134743,6.3206625,5.929582,5.9874544,7.8972077,12.324808,11.977376,11.990453,10.178706,9.587047,13.504435,11.885559,11.878972,9.332055,6.698494,10.562788,11.336923,7.085842,10.140819,7.2540283,7.4957,7.5880055,12.376923,12.652862,12.78378,8.8242235,12.240954,7.768636,7.9503875,12.4503765,11.95572,11.751833,9.285717,6.5870543,7.3762107,10.747695,13.4902935,12.852287,13.754363,13.371844,9.179934,7.448219,8.112256,7.9191403,7.564996,12.6658745,11.205432,8.5729685,8.744431,7.205987,7.110409,8.477837,11.7403755,11.837461,11.589587,11.315887,12.510806,12.07168,12.15604,11.7304,13.5318575,12.74771,12.393511,12.808269,12.6986065,10.993676,10.543437,8.146885,8.839965,8.377166,8.090329,8.4618225,9.572612,9.47892,10.3635025,10.251408,10.689442,8.489911,9.263496,12.291719,8.27055,7.722808,9.606044,10.606244,8.404056,9.059633,9.344834,11.959445,10.775701,9.616493,11.4131155,11.360338,8.934765,9.380724,11.258132,9.89286,9.640731,11.65517,11.8106,10.37394,9.642438,9.7261095,8.2829075,8.972678,10.983024,7.6996827,9.864733,10.066796,9.913171,11.188537,11.244471,10.796351,10.665293,10.1709795,9.946796,9.511501,9.134517,8.198063,9.601087,9.05601,7.88712,8.415927
15,11.928436,14.383408,13.474844,12.397409,12.058775,9.064603,10.226335,10.395975,14.473589,10.245652,18.274496,9.829835,9.912489,16.284178,15.590635,0.0,11.302761,4.7899604,14.064129,15.405735,14.014032,15.381154,14.818874,6.6275253,5.9111476,16.20113,3.8319674,5.9233046,12.851113,15.347141,8.377082,16.770517,16.413912,13.512359,12.1509,13.073062,12.391711,7.7729506,10.824765,11.288033,13.955199,7.719892,12.565413,11.594048,4.732515,11.953807,11.40097,7.5678754,7.394709,8.109175,7.2031207,7.161236,11.9648905,12.124999,6.2654824,6.385887,6.543992,6.7587733,12.881339,6.11782,12.623169,12.337184,10.512439,11.154015,6.348976,9.213427,9.405816,6.1930466,6.194625,9.714117,10.334518,12.442769,7.7863193,11.80302,12.467563,8.804176,8.611934,9.580284,8.27251,11.705302,7.6931663,11.709679,11.132041,6.2423973,11.874876,12.0406885,8.679202,7.8914943,12.152868,11.868182,7.384749,5.4287634,8.779951,8.815467,10.305135,9.408423,9.797233,10.092099,9.564395,9.980881,10.539459,11.479598,10.107086,10.159432,10.492576,10.536566,10.349282,12.184899,11.973828,12.370513,11.178815,11.075175,7.4265585,12.355202,12.676469,7.228897,9.442302,8.681857,8.323682,8.95263,6.4872,9.020643,8.9441395,8.284609,8.1360855,7.725441,7.3233676,7.7686,8.01193,8.388734,8.380519,7.978156,7.4881516,7.583239,9.67994,10.918437,10.408633,11.27366,7.810937,7.041359,6.618451,6.6932497,7.305884,9.410888,8.643051,10.607047,10.30798,6.2239704,9.176883,9.2914915,9.392445,10.204966,10.175513,10.8644495,9.504448,9.098309,8.859563,9.126867,8.914514,9.143642,8.840153,8.528994,8.437858,8.58006,8.433858,9.515906,9.143633,10.665483,9.933384,11.42596,11.302941,11.006647,10.579916,8.07456,7.3944855,7.8268766,6.5727115,7.1055236,6.5880547,8.59079,8.764487,7.087516,8.799257,10.368238,8.696721,7.8577886,8.61867,8.807831,8.453874,6.398463,10.755011,8.33465,6.812699,7.2312446,8.388939,7.77064,6.273987,11.422745,10.612373,6.190849,6.133327,9.823852,10.039987,9.071066,9.774542,9.851684,7.581214,11.206171,10.515897,10.43966,8.320631,7.8090224,8.099208,8.549913,8.583041,8.531514,8.459932,9.427397,10.009643,12.148337,10.052351,10.635527,11.536351,10.648984
16,21.93592,19.04922,20.35031,16.0277,12.034058,9.909001,12.11737,12.155208,13.783392,13.221318,13.11222,13.341698,13.110458,15.213915,14.132891,11.302761,0.0,15.358607,9.542218,12.273877,12.523837,16.275234,15.654427,9.347357,5.6372466,18.984953,8.359026,14.781443,13.708232,12.783185,6.9062324,19.588099,19.0341,13.255928,13.586555,14.195258,5.5230556,4.1278872,13.887467,14.317204,11.087701,3.6613786,5.4548745,6.6313405,11.35879,10.844181,16.238201,3.8707016,3.9545946,12.013919,12.992584,12.057662,7.1366353,7.1701345,12.401492,12.299839,12.607962,13.39564,16.050215,11.002808,15.843407,15.558886,13.30196,13.57359,11.614442,12.9462805,12.536937,9.70516,9.283939,13.391785,13.670485,15.139785,6.3547015,8.758507,8.773285,14.526165,8.330391,11.550265,12.882166,13.876847,13.951949,7.411473,14.98694,12.757418,15.298228,15.412867,10.136131,13.8869505,14.173168,14.571608,13.166068,9.790146,9.435609,9.265567,12.095469,11.3144245,11.42382,6.607846,6.6691303,11.241789,11.234723,14.825348,11.19068,11.4347105,12.13927,11.841414,7.608918,16.101702,15.626125,15.511669,12.229171,11.894848,12.543005,15.177166,15.244216,8.030015,10.244366,11.53801,11.861319,10.773437,10.804697,11.274199,10.8900585,10.646232,12.512616,12.59415,12.107239,7.2624254,11.920018,10.723981,10.503905,11.272766,11.071589,11.635057,6.7552533,9.26275,9.467835,10.966134,7.8175077,7.6531615,7.097029,7.309939,10.113204,9.491549,9.277575,10.50735,10.7537,8.501959,8.276004,9.890797,10.258284,10.7084875,10.927439,10.223264,10.247875,9.314091,10.097267,9.834942,6.6658974,6.5179133,5.876484,5.403584,5.43644,5.629701,5.3206377,5.223755,5.386074,6.31919,6.5643754,8.273403,7.862469,8.484351,8.400672,9.284886,8.65717,8.448904,7.283824,6.8287883,6.7899947,7.419185,7.024677,8.574281,8.227456,8.894401,5.6509113,8.525486,7.0742855,6.484718,7.8752975,8.864517,9.290459,6.067942,7.7527018,8.293887,6.9194293,6.749035,8.343006,10.5495405,9.794558,8.298697,7.630651,10.331253,9.956119,7.297634,8.7091,9.472566,6.361691,9.344431,8.83936,8.48402,8.821644,6.690735,6.357225,6.3367796,7.022665,7.7054267,8.2093725,8.302161,8.62925,9.780398,8.035436,8.522934,9.929026,9.311892
17,9.88146,11.832932,9.806091,11.959227,12.785899,9.950268,10.123379,10.270963,16.418692,11.408258,19.574125,10.039481,10.277485,16.776896,16.647568,4.7899604,15.358607,0.0,15.58418,16.125055,14.335207,14.353653,13.928672,8.61722,10.230563,14.205031,7.072775,3.2806423,12.539568,15.987691,11.069639,14.694453,14.455322,13.776775,11.86912,12.913906,15.1052265,11.40186,10.405238,10.870286,14.898741,11.743647,15.586301,14.184007,5.1861386,12.9169235,9.236996,11.489423,11.418819,8.096513,6.6872387,7.087836,14.086615,14.253263,5.6433015,5.896633,5.6448317,5.261563,11.3268175,6.3914766,11.203839,11.02637,9.687416,10.325481,6.1703215,8.348733,8.828802,7.710918,8.252858,8.696129,9.294577,11.25343,10.398478,13.334461,14.294121,6.821097,10.931125,9.91478,7.3110466,10.90235,5.958147,13.725723,9.531884,5.134535,10.442636,10.565331,9.391192,6.1515636,11.351359,10.762432,6.075512,6.7144294,10.537326,10.490641,10.238022,9.545323,9.915211,12.382359,11.842513,10.955113,11.437795,10.090171,10.953995,10.84308,10.983301,11.107037,12.451899,10.295614,10.282895,10.8462,11.084173,11.155554,6.5878644,10.998124,11.373219,9.434383,10.656272,8.641864,8.029827,9.927661,7.1563044,9.700534,9.721343,9.363777,7.385029,6.870253,6.770686,10.560495,7.630686,9.297244,9.324435,8.000521,7.6287155,7.3767557,11.995822,12.476553,11.744495,11.767335,9.827934,9.223722,9.299438,9.190905,8.368515,10.779531,10.084089,11.413897,11.036916,8.122195,10.761499,10.289262,10.191407,11.008713,10.898605,11.760758,10.159251,10.203189,9.564661,9.972351,11.2345915,11.484053,11.467779,11.387116,11.395011,11.369236,11.352492,12.333239,11.939373,13.015871,12.216071,13.22444,13.197891,12.669901,12.296596,9.551781,9.124777,9.578865,9.237193,9.820095,9.475751,10.921407,11.076509,8.738506,10.703262,11.913034,11.675639,9.444238,11.208706,11.431208,10.396074,8.021505,11.938925,11.181518,8.9729395,9.006015,10.92986,10.519441,8.274356,12.147876,11.600932,8.21779,8.567365,10.47815,10.919359,11.158337,11.340681,10.995801,10.265806,12.582521,11.90383,11.966271,9.755392,10.26749,10.647379,11.045819,10.781491,10.457176,10.174415,11.061647,11.518859,13.387183,11.783979,12.209539,12.670229,11.937594
